%Vec Object: Vec_0x84000000_0 1 MPI processes
%  type: seq
Vec_0x84000000_0 = [
0.0000000000000000e+00
0.0000000000000000e+00
0.0000000000000000e+00
0.0000000000000000e+00
0.0000000000000000e+00
2.3253329615121967e-02
2.3253329615121918e-02
0.0000000000000000e+00
0.0000000000000000e+00
2.3253329615121922e-02
2.3253329615121936e-02
0.0000000000000000e+00
0.0000000000000000e+00
0.0000000000000000e+00
0.0000000000000000e+00
0.0000000000000000e+00
];
