%Vec Object: Vec_0x84000000_0 1 MPI processes
%  type: seq
Vec_0x84000000_0 = [
0.0000000000000000e+00
0.0000000000000000e+00
0.0000000000000000e+00
0.0000000000000000e+00
0.0000000000000000e+00
0.0000000000000000e+00
0.0000000000000000e+00
0.0000000000000000e+00
0.0000000000000000e+00
0.0000000000000000e+00
0.0000000000000000e+00
0.0000000000000000e+00
0.0000000000000000e+00
0.0000000000000000e+00
0.0000000000000000e+00
0.0000000000000000e+00
0.0000000000000000e+00
0.0000000000000000e+00
0.0000000000000000e+00
0.0000000000000000e+00
0.0000000000000000e+00
0.0000000000000000e+00
0.0000000000000000e+00
0.0000000000000000e+00
0.0000000000000000e+00
0.0000000000000000e+00
0.0000000000000000e+00
0.0000000000000000e+00
0.0000000000000000e+00
0.0000000000000000e+00
0.0000000000000000e+00
0.0000000000000000e+00
-2.9011565981452647e-01
-1.9278243551144736e-01
-1.4969661654020322e-01
-1.3406606279946148e-01
-1.2006744353753396e-01
-1.1196788451207940e-01
-2.2009621845998006e-01
-9.0790937358120050e-02
5.1900416936416560e-02
-2.4579667477864398e-01
-9.2472923497571746e-02
-1.1761544048075578e-01
-1.1768642719167255e-01
-1.1714780614164277e-01
-1.1709221258435498e-01
-1.1732108140667863e-01
-1.1804279315804667e-01
-1.1817502138339653e-01
-9.3270763055858019e-02
-2.4687124357811185e-01
5.0408521365535752e-02
-9.2670598428364892e-02
-2.2273111875753604e-01
-1.1555985317621920e-01
-1.2519539680157787e-01
-1.4216392154427737e-01
-1.6120135520981127e-01
-2.0459988540085655e-01
-3.1705934541555786e-01
0.0000000000000000e+00
0.0000000000000000e+00
-1.8819690739454442e-01
-2.1130340205001263e-02
5.1302594257079726e-02
7.8038267505540104e-02
6.4637965939949860e-02
-6.1855333891354114e-02
3.4508461700930226e-01
-4.0047792584553488e-02
3.4224840945494606e-02
1.7903634420425729e-01
1.3619287759375331e-01
1.4234544958136786e-01
1.4989330125890743e-01
1.5435711528382301e-01
1.5622227298685298e-01
1.5569635212297062e-01
1.5255021719413397e-01
1.4626969324815153e-01
1.4133360229383141e-01
1.8524038869472559e-01
4.1380082743567970e-02
-3.2177710425080885e-02
3.5335220594904149e-01
-5.3728758286921696e-02
7.1218862852005849e-02
8.0791029519986735e-02
4.8528817817089509e-02
-2.5283297641054636e-02
-2.0471369854622312e-01
0.0000000000000000e+00
0.0000000000000000e+00
-1.4157891691309832e-01
5.3695255048456958e-02
1.3458292223227586e-01
6.8317818808071085e-02
1.7984653706448905e-01
4.1052998348593261e-01
-5.8814478318026220e-02
3.0065972282828612e-01
2.4039874078853285e-01
2.2635806057554486e-01
2.3678830062877099e-01
2.4784801489798713e-01
2.5522644294255237e-01
2.5973255898355774e-01
2.6197407050581401e-01
2.6207392370700733e-01
2.5987385923662254e-01
2.5475173173759513e-01
2.4579297076480744e-01
2.3737092801418758e-01
2.5316931519206909e-01
3.1478143844179840e-01
-4.3653894324201969e-02
4.2586968221359300e-01
1.9367799064963132e-01
7.7339479561848945e-02
1.3575555416430696e-01
5.0197374275477102e-02
-1.6049156356886407e-01
0.0000000000000000e+00
0.0000000000000000e+00
-1.2289156079751029e-01
8.1810521941100611e-02
6.9188086672944626e-02
3.7460380550240768e-01
7.8164183919968488e-02
1.1461876798244264e-01
3.1635230091096878e-01
2.5074182977414816e-01
2.6666115638187193e-01
2.8715555663822556e-01
3.0472169595364296e-01
3.1807792796952494e-01
3.2775808365626391e-01
3.3421237556760319e-01
3.3752642728961435e-01
3.3767385619918544e-01
3.3462046973987514e-01
3.2828072691200827e-01
3.1810341210793158e-01
3.0352642031412547e-01
2.8568756339646351e-01
2.7211283608381409e-01
3.3941720952708287e-01
1.3848176394757328e-01
1.0093082555177246e-01
3.9240092001182103e-01
7.8100275968020716e-02
8.3509510701746725e-02
-1.4092488186973684e-01
0.0000000000000000e+00
0.0000000000000000e+00
-1.0627253794852454e-01
6.8843553530171908e-02
1.8016608801562750e-01
7.7140233512544176e-02
2.9284423784315217e-01
2.6741912261406409e-01
2.6373983410346735e-01
2.8638330864303851e-01
3.1328646679577998e-01
3.3629993498331112e-01
3.5532754838098723e-01
3.7066309405917641e-01
3.8236675542410836e-01
3.9032795241212881e-01
3.9441232702282392e-01
3.9456179502757749e-01
3.9079784615065005e-01
3.8314717060207926e-01
3.7168160070772061e-01
3.5631657386526161e-01
3.3664704389021782e-01
3.1256751060321220e-01
2.9217357674530620e-01
2.9708858559234885e-01
3.2151065728294226e-01
1.0103960128747702e-01
1.9469552939067403e-01
7.4636295492710891e-02
-1.2358304173140100e-01
0.0000000000000000e+00
0.0000000000000000e+00
-9.5731253171597475e-02
-5.7613051065616983e-02
4.0970419401950386e-01
1.1177679269661311e-01
2.6540027625251517e-01
2.6480179868951614e-01
2.9636198423333937e-01
3.2774685674523374e-01
3.5587970345786291e-01
3.8067711683947181e-01
4.0211059229591761e-01
4.1982402108963601e-01
4.3342628971640718e-01
4.4263059140134775e-01
4.4726940554586392e-01
4.4727859250137758e-01
4.4272031389740096e-01
4.3365157182478153e-01
4.2026578402695680e-01
4.0279486178070201e-01
3.8164601918230812e-01
3.5667029692498753e-01
3.2773514410080251e-01
2.9752526989588102e-01
2.9741643554686448e-01
1.3887328366777707e-01
4.2726927463033681e-01
-4.9546635778403569e-02
-1.1352105148407532e-01
0.0000000000000000e+00
0.0000000000000000e+00
-2.0140490098646979e-01
3.4936699549178862e-01
-6.0775806761143247e-02
3.1170569935483039e-01
2.5971696510390840e-01
2.9435876504192837e-01
3.3152400611883515e-01
3.6499215095276671e-01
3.9565400355110070e-01
4.2346880947367183e-01
4.4776031752002421e-01
4.6781073735973688e-01
4.8311170257271741e-01
4.9337798755815054e-01
4.9847033659800832e-01
4.9831704901268825e-01
4.9294457163144045e-01
4.8241643610361251e-01
4.6697541535672116e-01
4.4695129711062087e-01
4.2291169571658749e-01
3.9550426313452602e-01
3.6459479294925190e-01
3.2888161077654621e-01
2.9351366348799957e-01
3.4063723854957084e-01
-4.1472286988820661e-02
3.5854954724692312e-01
-2.2011691096224584e-01
0.0000000000000000e+00
0.0000000000000000e+00
-6.9554639844097044e-02
-3.5575438888875155e-02
2.9779132370286643e-01
2.4459451342087002e-01
2.8073293508410702e-01
3.2418884014847293e-01
3.6350940235502538e-01
3.9993183482607808e-01
4.3397271998428977e-01
4.6494801865626467e-01
4.9187641820166661e-01
5.1396130452020827e-01
5.3070495598103484e-01
5.4185522560412469e-01
5.4730485600836065e-01
5.4699661173583980e-01
5.4092335726321839e-01
5.2910791399759649e-01
5.1174531193485784e-01
4.8924972085153406e-01
4.6222669525328453e-01
4.3155357554829443e-01
3.9768565260614430e-01
3.5985649697325162e-01
3.1567246766846413e-01
2.7477063473784913e-01
3.1819993703848759e-01
-2.5675301594593192e-02
-8.9329860291511798e-02
0.0000000000000000e+00
0.0000000000000000e+00
7.5763029634942192e-02
3.9025169193034559e-02
2.3683652638457686e-01
2.5929752064114009e-01
3.0636075935595786e-01
3.5118625871076325e-01
3.9317561050376781e-01
4.3304523927081373e-01
4.7037085920580246e-01
5.0413034383217781e-01
5.3328723689113033e-01
5.5707082427408405e-01
5.7501952599587280e-01
5.8690767042646907e-01
5.9264155907151306e-01
5.9217535309974867e-01
5.8549892993790387e-01
5.7262266416222118e-01
5.5366826893193277e-01
5.2900937707204410e-01
4.9926801314879476e-01
4.6538660545112887e-01
4.2813430942134101e-01
3.8761271456214441e-01
3.4213921980634909e-01
2.9028878729201280e-01
2.5819918287081256e-01
4.9420431055791081e-02
5.4601510791890018e-02
0.0000000000000000e+00
0.0000000000000000e+00
-2.1926160375795478e-01
1.8424618163417605e-01
2.2223366647991849e-01
2.7875182924766095e-01
3.2831590056862892e-01
3.7510550100552598e-01
4.2029302904696486e-01
4.6343304824638398e-01
5.0358485212544757e-01
5.3964924142852766e-01
5.7062966311059871e-01
5.9580321457612584e-01
6.1474694022064380e-01
6.2725766492762869e-01
6.3323227599038390e-01
6.3260924567805077e-01
6.2539434727777099e-01
6.1161679224934939e-01
5.9136832324340638e-01
5.6495443478852092e-01
5.3295248098837256e-01
4.9626844878473353e-01
4.5582996774181428e-01
4.1207196685077729e-01
3.6463788273999498e-01
3.1042504374754643e-01
2.4428387900488691e-01
1.9498605734929320e-01
-2.4172710607656245e-01
0.0000000000000000e+00
