%Vec Object: Vec_0x84000000_0 1 MPI processes
%  type: seq
Vec_0x84000000_0 = [
0.0000000000000000e+00
0.0000000000000000e+00
0.0000000000000000e+00
0.0000000000000000e+00
0.0000000000000000e+00
0.0000000000000000e+00
0.0000000000000000e+00
0.0000000000000000e+00
0.0000000000000000e+00
0.0000000000000000e+00
0.0000000000000000e+00
0.0000000000000000e+00
0.0000000000000000e+00
0.0000000000000000e+00
0.0000000000000000e+00
0.0000000000000000e+00
0.0000000000000000e+00
3.0382214746381857e-02
7.7603571398662669e-03
-1.1062118496709752e-02
2.2890623174896277e-02
3.0223900369573564e-02
3.2925574241006686e-02
3.8811850581839877e-02
2.3430368305048466e-02
3.8811170582056437e-02
1.3841751890458259e-02
5.0669325296648519e-02
8.1450935982333213e-03
6.6650968039720371e-03
-8.9475744393334097e-03
0.0000000000000000e+00
0.0000000000000000e+00
-6.5360838484753297e-03
-2.8400932353415259e-02
-5.7826916831679176e-02
-2.4774076495665598e-02
-3.2844310334905730e-02
5.0387432184057640e-03
6.4425761912881019e-03
-1.5489909037722793e-03
5.9656823665107245e-02
3.8772281555322204e-02
2.3886050918441395e-02
-8.1456684141791268e-03
2.3486927899432235e-02
4.9910104290832001e-02
0.0000000000000000e+00
0.0000000000000000e+00
-2.8074468618311532e-02
5.3786881914507367e-03
-5.6632476834375250e-03
-1.5206778803738830e-02
6.5541063842552011e-03
2.2422289426567696e-02
4.0444016022584711e-02
2.6958856599241271e-02
6.2703955428249580e-02
3.7954994558954847e-02
3.9147216911204583e-02
1.9462193132163116e-02
1.6852852791175640e-03
5.3558117365409275e-03
0.0000000000000000e+00
0.0000000000000000e+00
-5.2604033328599926e-02
2.8305112835709426e-02
-5.8910791335058166e-02
-3.2478263830382163e-03
4.0326909526170039e-02
5.6010624106179130e-02
5.3847324733968971e-02
7.9787328683759345e-02
7.3871918213574500e-02
9.5658790261817367e-02
6.8333383561612920e-02
3.6371746410165134e-02
6.3402348493431335e-02
2.5573351513221248e-02
0.0000000000000000e+00
0.0000000000000000e+00
1.7863214648742014e-02
2.1838491727220508e-02
4.5718152312930443e-02
5.3979180897952006e-02
7.1491128717578151e-02
1.0588787659347967e-01
1.1492094539310166e-01
1.1974922670765675e-01
1.3424772787752415e-01
1.1778462606725049e-01
8.1647721687893027e-02
8.0738472499314817e-02
6.0849578124266515e-02
5.1799328728759107e-02
0.0000000000000000e+00
0.0000000000000000e+00
2.7699222094438727e-02
4.2643325605927714e-02
6.5272321902566988e-02
7.0619446374364597e-02
1.1296458481090499e-01
1.5638727258124524e-01
1.3430138563825006e-01
1.9574725032079587e-01
1.5373581076327325e-01
1.4398170372259050e-01
1.2536183545914137e-01
9.6179055132298658e-02
4.4265944956140418e-03
3.2420668655266868e-02
0.0000000000000000e+00
0.0000000000000000e+00
6.7089417103809862e-03
4.4626173839752634e-02
7.1559857626397272e-02
1.3860465268173588e-01
1.6505365941529343e-01
1.9179134185410124e-01
1.9268484229430027e-01
2.2423297399923359e-01
1.9127076835018170e-01
2.0089222302913684e-01
1.3481650555697861e-01
7.9690715204931539e-02
7.4595110474681925e-02
5.8956207896811913e-02
0.0000000000000000e+00
0.0000000000000000e+00
4.5168196377790848e-02
1.2805029695266693e-01
1.5112538511480567e-01
1.6765272433219081e-01
2.0322699390640603e-01
2.1471700459267917e-01
2.5222849475606279e-01
2.2585625914542340e-01
2.1340055852587492e-01
2.0242015967261090e-01
1.9100338355684726e-01
1.3439875892280961e-01
4.9742942168901433e-02
5.2180485655817933e-02
0.0000000000000000e+00
0.0000000000000000e+00
6.8891780700036473e-02
1.2227541531643435e-01
1.6744280610577250e-01
1.6659494662604790e-01
2.2528209165691337e-01
2.5122859227166616e-01
2.4045547675213919e-01
2.6112697821875486e-01
2.3799580527434394e-01
2.0047373366602395e-01
1.7540893762554388e-01
9.7492101572917267e-02
8.3985073041748182e-02
8.0463107070391740e-02
0.0000000000000000e+00
0.0000000000000000e+00
4.8770168954841236e-02
1.0097932561712153e-01
1.2604461160895314e-01
2.1548328312725784e-01
2.5690148113064293e-01
2.8057877043937707e-01
2.5369256969700360e-01
2.3685955288049076e-01
2.2921474257612084e-01
2.0259729615564825e-01
1.6450774434283150e-01
9.4173000653839711e-02
6.9496513783913486e-02
5.6347614161896431e-02
0.0000000000000000e+00
0.0000000000000000e+00
5.6366183223946625e-02
1.0427762554668957e-01
1.8650262219649388e-01
1.7183572078089326e-01
2.0857963071832675e-01
2.2600033613336479e-01
2.5160376444245469e-01
2.6943172663254555e-01
2.3233400792810088e-01
2.1677560441690846e-01
1.0278487186987978e-01
1.0390953147757112e-01
7.9857646081007413e-02
6.2808641159956324e-02
0.0000000000000000e+00
0.0000000000000000e+00
5.2112920766469895e-02
9.1778633314929609e-02
1.2345476641821929e-01
1.4830363342305714e-01
1.9666324539004382e-01
2.1283063449693207e-01
2.1495563910804327e-01
1.7877001902795664e-01
1.7880192013039281e-01
1.1022479013037551e-01
8.2063225937089701e-02
7.6234070490351247e-02
9.2087941389322140e-03
3.9371267290021321e-02
0.0000000000000000e+00
0.0000000000000000e+00
5.0186748869120543e-02
1.1009002202631613e-01
7.1467931542904400e-02
1.4844448598677840e-01
1.4842164188487517e-01
1.3511789319585349e-01
1.7295131615734116e-01
1.3116100149323789e-01
1.3073492468990466e-01
1.3281787543483692e-01
7.6008077984513089e-02
6.1120577085970143e-02
6.0410826473709343e-02
-1.6805488989270492e-02
0.0000000000000000e+00
0.0000000000000000e+00
1.7701119944328748e-02
4.3720229013968728e-02
2.1962747486168444e-02
5.3336910472162768e-02
8.4748483991840845e-02
8.7858296703266225e-02
6.5862898833823541e-02
5.4825529476819373e-02
8.0757182238478747e-02
4.7896836009320237e-02
4.8154917743437275e-02
5.3159251154967765e-02
6.1271296174654807e-02
3.7311774882606973e-02
0.0000000000000000e+00
0.0000000000000000e+00
0.0000000000000000e+00
0.0000000000000000e+00
0.0000000000000000e+00
0.0000000000000000e+00
0.0000000000000000e+00
0.0000000000000000e+00
0.0000000000000000e+00
0.0000000000000000e+00
0.0000000000000000e+00
0.0000000000000000e+00
0.0000000000000000e+00
0.0000000000000000e+00
0.0000000000000000e+00
0.0000000000000000e+00
0.0000000000000000e+00
];
