%Vec Object: Vec_0x84000000_0 1 MPI processes
%  type: seq
Vec_0x84000000_0 = [
0.0000000000000000e+00
0.0000000000000000e+00
0.0000000000000000e+00
0.0000000000000000e+00
0.0000000000000000e+00
0.0000000000000000e+00
0.0000000000000000e+00
0.0000000000000000e+00
0.0000000000000000e+00
0.0000000000000000e+00
0.0000000000000000e+00
0.0000000000000000e+00
0.0000000000000000e+00
0.0000000000000000e+00
0.0000000000000000e+00
0.0000000000000000e+00
0.0000000000000000e+00
0.0000000000000000e+00
0.0000000000000000e+00
0.0000000000000000e+00
0.0000000000000000e+00
0.0000000000000000e+00
0.0000000000000000e+00
0.0000000000000000e+00
0.0000000000000000e+00
0.0000000000000000e+00
0.0000000000000000e+00
0.0000000000000000e+00
0.0000000000000000e+00
0.0000000000000000e+00
0.0000000000000000e+00
0.0000000000000000e+00
0.0000000000000000e+00
0.0000000000000000e+00
0.0000000000000000e+00
0.0000000000000000e+00
0.0000000000000000e+00
0.0000000000000000e+00
0.0000000000000000e+00
0.0000000000000000e+00
0.0000000000000000e+00
0.0000000000000000e+00
0.0000000000000000e+00
0.0000000000000000e+00
0.0000000000000000e+00
0.0000000000000000e+00
0.0000000000000000e+00
0.0000000000000000e+00
0.0000000000000000e+00
0.0000000000000000e+00
0.0000000000000000e+00
0.0000000000000000e+00
0.0000000000000000e+00
0.0000000000000000e+00
0.0000000000000000e+00
0.0000000000000000e+00
0.0000000000000000e+00
0.0000000000000000e+00
0.0000000000000000e+00
0.0000000000000000e+00
0.0000000000000000e+00
0.0000000000000000e+00
4.8991829039659804e-03
2.4807850376336264e-03
2.2247774757473068e-03
2.2676334820359301e-03
2.3682364205790361e-03
2.3424797721827186e-03
1.9974050218199493e-03
1.2108782267941272e-03
6.5135293291235935e-05
-9.1181731675519379e-04
-4.0324368570385932e-04
3.8195572983446315e-03
1.4011953416214435e-02
3.0091457033440711e-02
4.1167445022939259e-02
-2.2492697742242107e-04
-1.3929368972134942e-01
-2.4664417634457581e-01
-5.8509904399833457e-01
5.7327068980666407e-01
2.0374967612496700e-01
1.4150736700552449e+00
-1.1074291356164010e+00
1.8522598724338653e-02
-1.2220230271359003e-01
-1.4375993656424135e-01
-1.5027258631183424e-01
-1.5475602322762916e-01
-1.5772792748798042e-01
-1.5878614343795630e-01
-1.5779322307136046e-01
-1.5488725137524212e-01
-1.5047082614709167e-01
-1.4402415845184108e-01
-1.2252992916176778e-01
1.8123970407711801e-02
-1.1078908227249020e+00
1.4145540452309917e+00
2.0315077347819396e-01
5.7262056603289446e-01
-5.8579276067838637e-01
-2.4747211144336201e-01
-1.4010558217423813e-01
-1.1449545025858238e-03
4.0174087702864528e-02
2.9055877648089048e-02
1.2872253766010373e-02
2.6569091941919670e-03
-1.6524305286629987e-03
-2.2315901705008342e-03
-1.3412226849726580e-03
-2.5810805524691810e-04
4.2085276387943127e-04
6.6330336866517181e-04
5.5737241613592475e-04
3.0149281851441986e-04
1.8194519022660810e-05
-5.4448320785011745e-05
2.6602999409869252e-03
0.0000000000000000e+00
0.0000000000000000e+00
2.5756680288896369e-03
-3.3478905273966533e-04
-6.5615294835082161e-04
-5.8591248455576450e-04
-5.1568124838435175e-04
-7.8688410835101724e-04
-1.6409385135241900e-03
-2.9815497575176667e-03
-4.0666180498854856e-03
-3.1092815712713204e-03
2.9887613554675230e-03
1.7240677845457138e-02
3.6107493276180611e-02
4.1520117311411031e-02
-2.9136494984716876e-02
-4.6420399072796797e-01
5.3379936004638762e-01
2.0417224944475051e-01
1.4423576573009429e+00
-1.2674076107796066e+00
-2.5134653067109225e-01
-7.1938882838737195e-01
4.0311163863629995e-01
1.5213473205877348e-01
1.1959762129669826e-01
1.2638881219353601e-01
1.3450389678020294e-01
1.3969074856666291e-01
1.4250652141978343e-01
1.4339499665069497e-01
1.4246105648772067e-01
1.3959917768724955e-01
1.3436660599008177e-01
1.2620897351449778e-01
1.1936942654521843e-01
1.5186936906659548e-01
4.0278929475647807e-01
-7.1975418354707044e-01
-2.5174194470222311e-01
-1.2678754616412851e+00
1.4418455205831695e+00
2.0365062874666640e-01
5.3318907783035818e-01
-4.6487071375815775e-01
-2.9790713891647891e-02
4.0784325727032916e-02
3.5324711067389644e-02
1.6398051088478735e-02
2.0838209811193109e-03
-4.0476189661845657e-03
-5.1026668647587842e-03
-4.1058875572024534e-03
-2.8554084199571284e-03
-2.1154426427722889e-03
-2.0159438452287820e-03
-2.3236074141721533e-03
-2.7597278436619702e-03
-3.0221654099852405e-03
-9.1481631088217302e-05
0.0000000000000000e+00
0.0000000000000000e+00
2.3780235572775955e-03
-6.3420913454950364e-04
-9.8448578396543446e-04
-1.0233450660923765e-03
-1.2738193694165692e-03
-2.0591640124651422e-03
-3.1944935396364255e-03
-3.5239708522455948e-03
-6.8173389942249862e-04
8.5903158732928003e-03
2.6611331069572003e-02
4.4916490425490604e-02
7.8997384920045377e-03
-1.9508288819497252e-01
-7.3303531597227578e-01
1.6022274368445326e+00
-1.0836506246750051e+00
-2.3363848570635123e-01
-7.0087119648531593e-01
4.3869735190836057e-01
1.9904478013361718e-01
1.3680072363894169e-01
5.5518181127301447e-03
-3.4170273339823400e-02
-3.6547962078509855e-02
-3.4274429446707916e-02
-3.3820196505399067e-02
-3.4458006079312348e-02
-3.5129936359316327e-02
-3.5390175869360371e-02
-3.5140937352979726e-02
-3.4480777506941770e-02
-3.3851343723413752e-02
-3.4309693780224415e-02
-3.6619615733018127e-02
-3.4234309934540186e-02
5.4789263128048604e-03
1.3671659717819529e-01
1.9894102498249921e-01
4.3858908795543516e-01
-7.0096620932750131e-01
-2.3377287601924535e-01
-1.0837725289879261e+00
1.6021119621970774e+00
-7.3323318465884624e-01
-1.9525251183944980e-01
7.7041341589050294e-03
4.4684733888753991e-02
2.6370311291862000e-02
8.2885114496196455e-03
-9.9570129056919532e-04
-3.9102784449428912e-03
-3.6883397955952968e-03
-2.6991330761748228e-03
-2.0734246197636613e-03
-2.1013994808683212e-03
-2.5183301959399856e-03
-2.8695825497200775e-03
-9.1267415102312677e-05
0.0000000000000000e+00
0.0000000000000000e+00
2.4698542231078226e-03
-5.6051027340354997e-04
-1.0289806005703631e-03
-1.4369199036602803e-03
-2.2540228847349603e-03
-3.2171035444587132e-03
-2.6697664510824948e-03
2.6800322525887543e-03
1.6012470887361477e-02
3.5172103230817917e-02
4.2904847366329352e-02
-3.0197426179260550e-02
-5.1503317834533113e-01
4.2788179936051751e-01
1.5169330701271149e+00
-1.6313639900951282e+00
5.3225860524147972e-01
1.9858209942843669e-01
1.4093627040557466e-01
1.8146934240553830e-02
-1.2753530027686824e-02
-1.0765880451959850e-02
-1.7135668433934451e-02
-1.5242532018922977e-02
-1.1344599725484461e-02
-9.4141003184490257e-03
-9.1661450019740465e-03
-9.5127546978964472e-03
-9.8414598341381720e-03
-9.9569674844161016e-03
-9.8284861743843099e-03
-9.4881659745059410e-03
-9.1291661394084789e-03
-9.3733619222659825e-03
-1.1249982955821525e-02
-1.5158551514381197e-02
-1.7032071887183309e-02
-1.0658326079032582e-02
-1.2625015377656867e-02
1.8308719321063038e-02
1.4107259564860944e-01
1.9873821821139112e-01
5.3242205811658017e-01
-1.6311806115329899e+00
1.5171414712736790e+00
4.2808350490000580e-01
-5.1482361781248331e-01
-2.9973146240405812e-02
4.3092236378509285e-02
3.5356658530186852e-02
1.6143049284257804e-02
2.7451169386214225e-03
-2.6670984431322597e-03
-3.3682899953766110e-03
-2.6097731266640778e-03
-2.0713568695433643e-03
-2.1921143347502364e-03
-2.5319137429261618e-03
1.2506394983339761e-04
0.0000000000000000e+00
0.0000000000000000e+00
2.6196979513244956e-03
-4.8609486246807554e-04
-1.2838315832329542e-03
-2.2579205022747600e-03
-3.2197480847978854e-03
-2.1418255621637183e-03
5.2789669186584232e-03
2.2665800209299716e-02
4.0453148334870126e-02
9.0095819574478597e-03
-1.8699253768862645e-01
-7.5710768015605856e-01
1.7260657027757356e+00
-1.2184940782671980e+00
-6.0209368050344658e-01
4.2956214351329647e-01
4.7860968955075786e-02
-1.8285828947563171e-02
-1.4341233801180964e-02
-1.7458108804851658e-02
-1.2675936786825742e-02
-5.6244864693781038e-03
-1.3301080335328397e-03
2.0624832609437149e-03
4.1117301337847967e-03
4.8599044461301866e-03
4.9345088541564719e-03
4.8374576494180643e-03
4.7689455503185652e-03
4.7584666541381770e-03
4.7990252895522556e-03
