%Vec Object: Vec_0x84000000_0 1 MPI processes
%  type: seq
Vec_0x84000000_0 = [
0.0000000000000000e+00
0.0000000000000000e+00
0.0000000000000000e+00
0.0000000000000000e+00
0.0000000000000000e+00
0.0000000000000000e+00
0.0000000000000000e+00
0.0000000000000000e+00
0.0000000000000000e+00
0.0000000000000000e+00
0.0000000000000000e+00
0.0000000000000000e+00
0.0000000000000000e+00
0.0000000000000000e+00
0.0000000000000000e+00
0.0000000000000000e+00
0.0000000000000000e+00
0.0000000000000000e+00
0.0000000000000000e+00
0.0000000000000000e+00
0.0000000000000000e+00
0.0000000000000000e+00
0.0000000000000000e+00
0.0000000000000000e+00
0.0000000000000000e+00
0.0000000000000000e+00
0.0000000000000000e+00
0.0000000000000000e+00
0.0000000000000000e+00
0.0000000000000000e+00
0.0000000000000000e+00
0.0000000000000000e+00
7.7357488759976084e-03
5.4666705086836714e-03
4.3982050496731533e-03
3.3906967645249073e-03
3.8310367006785008e-03
1.3761773824623966e-02
-1.0146366897096991e-02
8.6845832575594972e-03
1.7310172297908686e-02
-8.7299745152331527e-03
1.0588972646381666e-02
4.0593508590654487e-03
5.1518566224974822e-03
5.2168195507604435e-03
5.2420745187872174e-03
5.2794304579677834e-03
5.2769983213516100e-03
4.2454987889770490e-03
1.0844009892027969e-02
-8.4183166188425557e-03
1.7691616094393594e-02
9.1336829250647285e-03
-9.6242020795466489e-03
1.4366128317067448e-02
4.5115737650336385e-03
4.1446865945725629e-03
5.1891860892736806e-03
6.4939130783907215e-03
9.9523212333807246e-03
0.0000000000000000e+00
0.0000000000000000e+00
5.4415914788251210e-03
1.5907534393997946e-03
-3.8205572687418504e-04
3.4158817359894525e-03
3.5521134320606537e-03
-2.3704072235002975e-02
3.2635005607831155e-02
-1.6178215082805356e-02
-6.0568367481171163e-03
1.0422604469242321e-02
-2.0540041246057059e-03
1.2878394193407139e-03
1.4653172807355258e-03
1.4577349142566344e-03
1.4646555844190813e-03
1.4102313559442060e-03
1.3702938421743076e-03
1.1496517890258774e-03
-2.2461219728520665e-03
1.0199927155567241e-02
-6.3218036826337837e-03
-1.6474910526918962e-02
3.2315956448112915e-02
-2.4032345131373756e-02
3.2406296421323977e-03
3.0819040615217216e-03
-8.0157527107573706e-04
1.2759898359690491e-03
6.6280808406458981e-03
0.0000000000000000e+00
0.0000000000000000e+00
4.3583236798526159e-03
-3.8213970252139184e-04
5.0260506167227534e-03
-1.3475078768576752e-02
-2.1206723548148829e-03
2.4712609206221231e-02
-3.5112697823991693e-02
1.6143563182463471e-02
-6.0736060014132329e-04
-3.5509958601297187e-03
-2.2336252677865667e-04
-3.6855986280417280e-05
-8.0556360202503965e-05
-6.0130551394650678e-06
1.2669098158099579e-05
-6.8320927194411712e-05
-2.0757810932875431e-04
-2.2091827519411453e-04
-4.6379406220376992e-04
-3.8508063108811039e-03
-9.5948597719733297e-04
1.5762445975069921e-02
-3.5524634337655861e-02
2.4296953094811648e-02
-2.5198219409148653e-03
-1.3870203376405904e-02
4.5487618429948667e-03
-8.1414222633927058e-04
5.3833005665802208e-03
0.0000000000000000e+00
0.0000000000000000e+00
3.3392362545369390e-03
3.4254148064321241e-03
-1.3459752578901731e-02
1.9122121408966825e-02
-1.3456165381550783e-02
-1.4025671604979466e-02
1.4598321023846686e-02
-8.2254100806694250e-03
-1.5549489028372047e-03
-1.7941927561383395e-04
-7.6048283268580902e-06
1.3876881348268318e-04
3.9674723664996983e-04
5.7569345677319734e-04
6.1303075731009146e-04
5.0740594537040419e-04
2.6176131775308177e-04
-6.8369916210857598e-05
-2.7759334546986411e-04
-5.0410277494477782e-04
-1.9266727764504950e-03
-8.6495232574922212e-03
1.4159812756116927e-02
-1.4453093706638269e-02
-1.3859889574592735e-02
1.8744813169650106e-02
-1.3896761433559245e-02
3.0475820140389506e-03
4.3940283589169390e-03
0.0000000000000000e+00
0.0000000000000000e+00
3.7657302491965854e-03
3.5698068762643406e-03
-2.0916883332292371e-03
-1.3442905884825135e-02
6.9997012043756732e-03
1.7003319824671764e-04
-5.5329071143425078e-03
-6.8029617189173039e-04
-1.6933146001568873e-04
-3.4440386052556407e-05
3.4761554097849086e-04
7.9003132175972483e-04
1.1354828052679245e-03
1.3283395665715982e-03
1.3648477734845323e-03
1.2467413499636735e-03
9.7827590705794245e-04
5.5720557489198847e-04
3.8884845062444814e-05
-4.1780496561261496e-04
-6.0573843564787344e-04
-1.1585259808877778e-03
-6.0412059884549646e-03
-3.4103401987267690e-04
6.5318613435680975e-03
-1.3875426271188748e-02
-2.5643090397658164e-03
3.1900570922004795e-03
4.8181877430187557e-03
0.0000000000000000e+00
0.0000000000000000e+00
1.3681177027153678e-02
-2.3678209498798272e-02
2.4755709798204642e-02
-1.3998437175001884e-02
1.8423995701839085e-04
-3.1879952456111034e-03
-7.0463348360741765e-04
-2.3713305205157881e-04
8.9079867295662092e-05
7.0640606358701079e-04
1.3555626035303622e-03
1.8979527080744130e-03
2.2888141295542633e-03
2.5122793216406578e-03
2.5585775360388481e-03
2.4212051964657907e-03
2.1084194448045754e-03
1.6315960352820194e-03
1.0078217641040889e-03
2.8148276021598034e-04
-4.1077665420309259e-04
-7.8629688245909074e-04
-1.2811144185479427e-03
-3.7623189514823380e-03
-3.6087638841587888e-04
-1.4487458815701681e-02
2.4231655759488178e-02
-2.4099797203731808e-02
1.4729406084572020e-02
0.0000000000000000e+00
0.0000000000000000e+00
-1.0242477649678196e-02
3.2671094255266653e-02
-3.5052052521816091e-02
1.4644156270939589e-02
-5.4987030686844303e-03
-6.8348244687578205e-04
-3.0271478070507778e-04
1.8364430094431781e-04
9.6021270147135518e-04
1.7744383075478654e-03
2.5058324218196690e-03
3.1103081576125402e-03
3.5571293739486767e-03
3.8190385964213605e-03
3.8771244008221073e-03
3.7229129422544222e-03
3.3644464243581113e-03
2.8229113251408110e-03
2.1276589414122686e-03
1.3149523309103923e-03
4.2679921915887990e-04
-4.0916078032056033e-04
-9.3479625743257688e-04
-1.3101999055212914e-03
-6.0887120608806786e-03
1.4100044997676697e-02
-3.5615661695873858e-02
3.2226959076398151e-02
-9.2059795677006499e-03
0.0000000000000000e+00
0.0000000000000000e+00
8.5730616531956988e-03
-1.6129391880216004e-02
1.6225826952161453e-02
-8.1555058967593373e-03
-6.1927626728954313e-04
-1.8668693128885867e-04
2.1424946996333790e-04
1.0751803413482138e-03
2.0130644719577595e-03
2.9091112151518397e-03
3.7201998462879013e-03
4.4024806302713076e-03
4.9113915313173939e-03
5.2111806062490260e-03
5.2800502480257472e-03
5.1103100906585638e-03
4.7100217577626599e-03
4.1027256505563256e-03
3.3246390323631164e-03
2.4250314269960611e-03
1.4513324945659122e-03
4.5354178405509170e-04
-4.4547065108441371e-04
-8.5061779261020112e-04
-1.2386282857994695e-03
-8.7386040092028439e-03
1.5643127037797355e-02
-1.6586330642154805e-02
9.6047811341742756e-03
0.0000000000000000e+00
0.0000000000000000e+00
1.7183292793394585e-02
-5.9930246397959797e-03
-4.9982234444367196e-04
-1.4560867381389134e-03
-7.5427230602012618e-05
1.7602917462922456e-04
1.0297369823923383e-03
2.0530706141548075e-03
3.0779667036025596e-03
4.0667882594268359e-03
4.9708493948798990e-03
5.7318613584345091e-03
6.2984813789697808e-03
6.6326713075015309e-03
6.7118615802849446e-03
6.5288880998624205e-03
6.0914696523827055e-03
5.4239301741988710e-03
4.5653014871789785e-03
3.5699052956099861e-03
2.4997751318886589e-03
1.4106057495296490e-03
3.5020360420986632e-04
-5.1385012252739247e-04
-7.2112787256838409e-04
-2.0472788571213041e-03
-1.1086098640955000e-03
-6.4575325794903951e-03
1.8214801614546274e-02
0.0000000000000000e+00
0.0000000000000000e+00
-8.8722124824741223e-03
1.0503318840240694e-02
-3.4151074819290424e-03
-4.7515966582152569e-05
9.7380212879121658e-05
8.3578760545123532e-04
1.8896600220184509e-03
2.9967158259172344e-03
4.1151838453690401e-03
5.2025154958766223e-03
6.1937090204762651e-03
7.0244133161456029e-03
7.6413943621129049e-03
8.0051269156445753e-03
8.0929355502595418e-03
7.8998802693955039e-03
7.4312779181960331e-03
6.7112074472762268e-03
5.7809379800182470e-03
4.6967361489365506e-03
3.5268489106111550e-03
2.3413888653153296e-03
1.1959780869279894e-03
1.3741763855168454e-04
-5.7093428873951010e-04
-6.5774285229788440e-04
-4.0315039698416606e-03
1.0040296535911205e-02
